2
3
5
1
1
1
3
2
1
44
1
1
6
1
3
2
2
1
1
1
2
1
1
1
2
1
2
1
1
2
2
4
1
1
1
2
1
3
1
1
6
8
1
1
4
1
1
1
1
1
2
3
1
1
1
1
2
1
1
5
1
1
4
1
1
1
1
7
1
1
2
1
1
1
2
4
3
5
3
1
1
1
1
3
1
3
7
1
1
1
1
2
5
5
2
1
1
3
1
1
1
2
3
2
2
3
2
2
5
4
1
1
2
1
1
1
1
20
6
2
1
1
2
1
1
2
1
3
2
2
2
1
1
6
2
3
4
17
1
1
3
2
10
1
3
1
9
1
2
2
5
1
1
1
3
1
1
1
1
1
1
1
2
1
1
1
1
1
1
1
2
11
1
2
2
1
1
3
2
5
1
1
2
4
1
1
1
1
10
1
7
5
1
1
1
1
1
1
2
1
1
1
1
2
1
1
1
1
1
2
1
1
1
1
1
1
1
1
8
5
1
3
4
2
1
1
2
1
1
4
2
2
4
1
1
2
1
2
3
4
1
2
2
1
1
1
2
2
5
3
1
1
8
1
1
1
5
4
6
8
1
1
6
2
8
1
2
1
1
8
5
3
2
1
1
1
1
2
2
1
7
13
1
1
1
1
1
1
3
2
1
17
3
28
2
4
3
1
1
1
3
7
2
2
1
1
7
1
1
1
1
3
2
131
1
1
11
1
2
10
2
1
7
2
1
1
1
1
1
1
2
4
1
6
4
5
3
1
1
5
1
11
1
2
2
1
1
2
1
1
1
1
1
2
2
1
1
1
1
5
1
1
3
1
2
1
2
2
1
2
1
1
1
12
3
1
2
9
1
7
2
3
3
7
2
5
1
6
8
15
1
4
1
2
3
2
9
1
4
8
1
45
3
1
1
1
1
1
3
2
32
2
4
1
1
1
5
1
14
1
1
2
2
7
1
3
1
1
26
3
2
1
1
1
1
2
2
1
1
1
1
1
11
2
2
2
2
2
1
1
1
2
1
2
1
1
3
3
1
2
1
1
3
1
2
2
1
2
1
1
2
1
1
1
1
2
4
1
3
1
2
1
2
1
2
6
1
1
1
1
1
1
1
1
4
4
1
1
1
2
1
1
12
1
1
1
2
2
1
1
5
3
1
1
1
1
1
5
1
5
2
1
2
1
1
6
1
1
1
1
1
3
1
1
1
1
1
1
1
2
1
2
4
1
1
1
1
1
1
1
1
1
1
3
2
1
1
1
1
11
2
2
2
2
1
2
2
1
9
1
3
2
2
2
1
1
1
1
1
1
1
3
2
1
1
3
1
6
1
1
1
6
3
1
1
1
1
2
14
1
7
1
1
4
1
2
3
2
1
1
1
11
1
4
2
5
4
2
1
2
1
4
1
4
2
2
1
2
3
1
2
1
2
4
1
1
2
1
45
1
1
3
3
2
2
2
1
2
2
1
6
1
2
3
1
2
1
17
1
1
7
3
1
1
2
2
2
1
1
1
1
1
1
1
1
1
3
1
2
4
1
1
1
1
1
7
1
1
1
1
4
2
3
3
2
1
2
3
1
2
2
1
2
2
1
2
1
1
6
3
1
1
2
1
2
3
1
4
1
1
1
1
2
1
1
1
7
1
1
1
1
1
1
1
1
1
7
2
2
1
1
3
1
1
1
1
1
1
1
2
1
9
2
2
2
3
2
1
1
1
6
1
2
1
1
1
1
2
2
1
1
1
3
1
1
1
1
1
1
1
1
2
2
1
3
2
2
2
1
1
1
2
3
1
1
1
1
1
1
1
1
1
2
5
2
1
1
1
1
2
1
1
2
1
1
2
2
1
6
1
2
1
1
1
2
9
1
1
1
3
4
1
2
4
3
1
1
1
1
3
6
2
2
1
1
1
1
1
1
1
1
1
9
1
1
1
1
1
1
3
3
1
1
2
1
1
1
1
2
1
1
2
2
1
1
8
2
25
1
1
1
8
3
1
1
1
1
1
2
1
1
1
1
1
1
5
1
2
3
1
3
1
1
1
2
1
2
1
1
1
1
1
1
1
2
2
1
2
1
2
1
4
1
1
1
1
1
1
1
2
3
2
1
2
1
1
2
1
4
2
1
2
1
1
1
6
1
2
1
2
1
1
2
12
4
1
2
1
1
26
1
3
3
1
4
4
1
3
1
3
1
1
1
1
1
5
2
1
1
1
7
1
2
1
2
1
4
3
1
1
1
4
1
2
2
2
13
1
5
1
1
1
9
1
2
2
1
2
2
1
1
1
1
4
7
1
1
3
1
1
1
1
27
3
1
3
1
1
4
1
2
3
2
1
1
2
1
1
8
1
1
2
1
1
1
2
1
3
2
15
1
6
1
9
8
4
1
1
1
2
1
1
1
7
1
1
2
1
1
1
1
1
2
1
1
2
6
1
1
1
1
1
17
7
1
1
1
1
1
1
1
1
1
1
5
1
1
7
3
4
2
1
1
7
2
1
1
5
2
1
1
1
1
1
13
2
1
1
1
1
1
1
13
1
1
1
1
1
1
1
1
1
3
1
1
1
1
2
2
1
5
1
1
1
3
2
2
1
1
1
4
1
1
2
1
2
1
1
1
3
1
1
1
5
1
1
1
1
1
1
1
3
2
3
3
1
4
1
1
1
1
5
2
2
1
1
2
1
2
3
1
2
4
3
1
4
3
2
1
1
1
1
1
1
1
1
1
1
1
1
1
1
1
1
1
2
1
1
1
1
1
1
2
1
1
1
1
1
5
1
2
2
1
1
1
1
1
1
1
2
1
1
1
2
1
1
1
5
1
2
7
1
1
1
1
1
1
1
1
2
1
1
1
4
1
1
1
20
2
3
1
1
1
1
1
2
1
1
1
2
1
1
2
1
1
2
1
1
1
3
1
16
2
1
1
1
4
10
1
1
1
1
1
1
1
1
3
2
3
1
3
2
1
1
3
5
1
2
2
1
1
11
2
2
1
1
4
3
4
1
1
1
1
1
4
1
7
1
10
2
2
1
1
2
1
10
1
2
7
4
3
1
3
3
1
1
1
1
5
5
6
3
4
1
1
1
3
2
1
3
1
3
1
3
3
2
15
1
1
1
2
1
2
1
1
1
29
8
1
10
2
8
2
3
2
1
2
1
7
1
5
1
2
10
1
1
1
1
1
1
1
1
2
1
1
1
2
1
18
1
1
2
1
1
1
1
1
1
1
2
1
1
8
1
3
2
2
1
1
1
1
1
1
1
1
3
2
1
1
1
1
2
2
1
1
5
1
3
1
1
1
1
2
6
2
8
3
4
5
7
2
1
3
1
2
1
2
4
3
3
1
1
1
1
2
1
21
10
2
1
4
2
3
3
2
1
6
1
1
2
1
1
1
11
8
1
3
1
2
1
1
1
2
1
1
2
2
1
1
1
4
1
1
2
1
1
1
2
2
1
1
1
1
1
3
1
2
1
1
6
1
13
1
2
2
2
2
2
1
5
1
1
2
2
1
2
1
1
1
1
6
1
1
1
1
1
1
1
2
2
1
1
1
1
1
1
7
1
2
6
2
19
2
6
3
1
1
45
1
1
1
1
1
2
3
5
6
1
9
7
28
1
1
1
1
2
9
2
1
1
1
1
3
56
3
2
2
1
4
5
1
2
1
1
1
19
3
1
1
2
1
4
2
1
2
2
1
6
3
4
2
1
3
57
1
1
4
2
1
1
3
1
11
1
1
1
1
1
7
1
1
1
2
1
8
3
2
1
1
1
1
1
6
2
3
10
1
1
1
1
2
1
2
3
1
4
1
4
2
1
1
16
1
2
1
3
1
2
1
3
1
1
1
1
3
2
2
2
3
2
1
13
1
1
2
1
1
1
1
2
1
3
2
2
2
1
1
1
1
1
1
1
5
1
2
5
4
2
1
6
1
5
3
3
1
1
5
2
1
2
1
1
1
1
2
1
4
1
1
1
2
1
1
3
3
2
2
1
6
1
2
1
15
3
4
10
4
8
5
3
8
2
1
2
1
1
14
2
1
1
56
1
1
1
1
1
1
3
1
2
1
1
1
1
1
1
4
1
1
1
9
1
1
1
3
2
1
2
2
2
1
1
10
1
2
2
4
1
1
1
1
1
1
3
1
1
1
1
3
1
1
1
2
1
3
1
1
10
2
1
1
1
1
1
3
2
2
4
1
1
4
1
2
2
1
2
1
5
2
1
2
1
1
1
1
1
1
1
1
1
3
2
2
2
1
1
2
2
3
1
2
1
1
4
1
1
3
1
8
2
4
2
3
1
1
1
2
1
3
1
1
2
1
1
2
1
1
7
18
1
2
1
2
1
3
1
1
1
1
1
2
1
2
1
2
1
1
2
3
2
1
1
2
3
2
1
1
1
1
1
1
1
4
1
2
2
3
1
1
1
1
1
1
1
1
1
1
1
1
1
1
1
1
2
1
2
3
1
1
9
5
1
1
1
1
2
2
1
2
1
3
3
1
1
1
22
1
1
1
1
1
1
2
25
1
1
5
1
1
1
1
2
1
1
4
1
1
2
3
5
5
3
1
2
1
3
1
1
3
7
5
1
10
1
1
4
11
3
4
5
3
1
1
1
2
1
2
1
2
1
1
2
5
1
2
1
1
2
1
1
10
1
1
2
1
3
1
2
2
1
2
1
16
1
1
5
2
3
1
1
1
1
1
1
2
1
8
3
8
13
1
1
5
11
16
1
1
2
1
1
1
5
1
1
2
1
1
1
1
6
5
1
1
5
1
1
1
1
4
30
1
1
2
1
1
1
2
1
1
1
1
1
2
1
1
1
1
3
1
3
1
1
1
3
5
7
4
8
1
2
1
1
1
2
1
10
9
3
1
1
1
3
1
1
1
1
2
1
1
1
15
6
1
5
1
4
131
2
4
1
2
4
4
1
1
2
2
36
1
2
13
1
1
1
1
1
1
2
1
11
1
2
1
16
2
28
1
1
1
4
1
1
9
4
1
154
63
1
2
1
1
1
1
11
3
1
13
1
1
1
6
1
30
1
2
13
1
3
1
16
14
17
7
23
15
55
2
2
11
5
57
1
3
1
1
2
1
1
1
1
3
1
64
1
2
6
1
1
3
1
32
6
1
1
2
1
12
1
23
1
53
3
2
3
4
1
2
2
11
1
2
1
8
3
2
1
6
1
1
6
1
1
1
1
2
2
2
14
1
5
1
5
2
1
2
1
4
1
1
1
1
11
11
3
1
1
1
1
118
1
1
7
1
2
1
1
50
1
1
1
1
1
3
13
1
1
1
1
2
2
11
1
2
1
2
1
1
1
2
1
1
1
34
1
1
1
2
7
1
1
1
1
1
2
7
20
3
1
39
2
5
13
6
3
1
25
6
1
20
1
3
1
3
1
64
1
1
3
3
1
1
2
1
2
1
2
2
1
5
3
1
2
1
1
4
15
1
1
2
1
1
1
1
4
2
1
1
1
1
3
3
1
1
1
22
2
1
1
1
2
1
6
4
1
4
2
1
1
1
1
1
31
50
10
1
7
17
1
2
15
3
3
39
1
11
31
102
22
36
6
1
2
10
1
1
1
1
3
1
3
4
1
1
3
276
3
9
1
1
3
7
11
13
1
33
1
2
5
86
1
2
1
2
8
1
13
1
5
5
1
4
5
1
3
1
3
2
1
1
2
10
1
7
3
1
2
1
1
2
1
2
1
1
2
1
3
43
1
11
2
1
88
1
1
1
3
8
6
48
2
10
2
1
1
10
3
4
11
28
2
1
1
17
1
1
9
2
4
8
1
13
1
1
1
2
2
2
1
3
2
1
2
34
3
7
1
1
1
4
1
13
1
1
1
2
1
23
13
1
2
3
46
1
12
1
10
24
10
2
3
1
1
7
1
2
63
9
2
1
8
1
2
6
6
1
11
1
8
4
4
3
1
3
10
3
6
2
120
11
10
1
7
1
1
1
1
2
1
1
3
1
2
4
2
11
7
23
10
3
2
2
2
2
1
14
1
1
2
1
1
2
2
21
1
25
3
28
1
2
3
1
1
1
1
2
3
2
11
3
1
47
1
1
24
2
1
1
2
2
3
1
1
1
1
6
1
15
3
2
1
4
1
1
3
14
1
3
1
1
1
1
2
1
3
1
1
1
6
4
1
1
1
65
3
1
5
1
8
1
6
1
10
1
3
1
9
10
2
2
1
2
18
1
1
98
8
7
4
2
1
1
1
1
1
1
1
1
4
25
8
1
15
2
6
39
3
14
7
1
1
16
21
3
54
4
9
1
1
4
2
1
20
19
33
32
1
5
1
2
16
18
1
1
1
1
1
1
8
11
1
1
1
4
2
1
2
19
1
1
1
9
1
3
26
6
11
4
3
1
19
1
2
2
1
4
1
2
2
1
2
1
10
1
2
3
1
2
3
1
38
4
1
1
1
1
24
2
3
4
1
5
2
2
24
6
4
1
6
1
6
4
2
2
1
1
5
1
1
4
3
1
7
1
1
1
30
1
38
1
1
1
1
8
10
1
2
12
1
2
1
10
1
1
13
3
1
4
2
1
2
1
1
1
2
4
3
2
1
1
2
1
3
1
7
1
2
2
2
2
1
8
1
1
3
1
5
2
2
16
1
2
1
3
1
3
1
1
1
7
1
2
1
1
2
2
1
2
1
2
5
1
5
1
3
3
1
2
2
13
1
1
1
13
5
1
1
1
1
1
1
6
59
2
1
2
3
1
1
1
2
1
2
1
1
4
5
18
13
4
2
1
2
2
1
4
1
1
1
2
50
27
1
1
3
3
2
9
37
11
1
26
1
1
2
1
7
30
1
5
5
2
1
2
1
7
16
1
110
1
3
2
1
2
1
1
2
4
32
1
1
2
1
1
1
1
1
1
5
3
1
1
1
4
1
3
3
15
1
14
45
1
23
6
2
2
14
2
1
1
1
1
1
1
1
32
3
6
4
1
1
1
1
1
4
14
2
1
2
1
6
2
1
4
1
217
6
2
4
13
1
2
1
1
1
2
11
1
1
2
2
294
2
14
3
4
53
2
1
2
2
1
1
6
3
1
1
2
2
1
3
1
1
1
3
1
11
1
1
1
1
3
1
10
1
3
1
1
2
1
1
16
1
8
3
5
3
35
1
9
3
4
1
4
2
1
2
9
4
1
1
2
1
1
3
31
7
1
1
1
4
3
1
2
1
1
19
1
2
2
4
2
3
1
2
5
1
4
8
1
1
1
1
1
2
1
1
2
1
1
1
1
1
1
1
1
3
4
1
1
2
1
1
2
2
1
6
6
7
11
2
2
2
1
12
21
14
2
1
2
6
2
73
3
1
32
4
3
7
1
2
1
1
1
1
3
1
4
2
19
2
8
45
4
3
10
1
47
48
2
2
1
1
1
2
1
2
1
2
3
7
2
1
2
1
1
3
1
6
1
114
1
2
1
1
1
14
1
32
1
2
8
1
1
1
1
2
1
3
4
1
5
131
2
1
7
8
7
2
4
1
3
1
2
3
5
37
7
6
1
8
1
22
1
1
15
11
6
2
3
6
44
38
1
9
1
2
1
1
1
1
1
10
1
7
3
4
1
7
3
1
1
1
7
8
1
5
4
16
2
2
3
14
1
2
2
1
8
1
1
2
1
1
2
2
1
1
1
1
2
1
8
2
31
1
2
5
1
9
3
1
1
1
1
6
1
10
1
8
4
17
2
4
9
1
4
7
11
1
1
4
3
1
2
8
4
1
3
4
1
64
7
27
1
9
19
1
11
24
13
2
1
1
1
12
1
7
2
3
9
1
2
2
25
20
5
2
1
5
8
1
3
1
27
1
13
6
1
10
2
2
3
3
1
2
1
2
5
2
2
12
2
8
8
3
3
1
4
4
5
10
2
1
4
15
1
4
2
1
17
1
2
32
1
1
2
1
3
5
4
7
43
1
41
2
4
1
13
1
2
5
33
24
2
2
4
1
3
1
2
3
37
2
39
1
1
1
8
1
1
2
1
1
1
2
1
2
7
2
1
1
4
1
1
1
1
2
3
1
2
6
7
1
1
2
2
5
2
1
56
3
2
1
1
3
2
11
1
1
1
2
3
2
1
2
1
2
1
2
2
1
3
3
4
2
8
1
2
1
9
3
7
2
1
3
4
4
1
1
1
4
1
22
13
1
18
40
2
3
1
14
2
1
24
1
7
1
3
2
2
3
1
3
15
1
64
1
1
84
9
1
2
2
2
61
14
10
9
2
8
1
25
1
29
16
6
33
1
2
2
43
227
1
4
1
5
1
1
3
8
14
22
84
51
3
5
20
1
2
2
5
8
3
44
2
1
5
19
11
28
11
1
4
11
1
9
1
42
4
3
1
1
43
85
84
81
1
35
3
4
13
55
6
7
18
13
8
14
1
1
1
1
3
5
1
3
5
1
4
3
3
17
1
11
1
1
1
3
3
1
1
2
18
6
3
4
1
1
32
1
2
1
1
3
1
1
2
6
1
1
15
7
4
7
1
8
1
7
1
1
4
2
1
1
1
1
1
1
3
4
1
2
1
1
1
1
1
1
1
1
2
2
1
1
2
10
3
1
1
2
6
1
2
2
2
1
7
8
2
1
1
11
2
2
1
1
1
1
2
1
1
2
1
4
7
25
2
2
3
7
1
48
2
2
1
1
2
1
2
12
3
2
2
1
6
7
4
2
1
2
4
3
89
15
4
1
2
1
1
2
1
10
4
4
1
39
3
1
5
3
1
1
1
25
54
1
1
25
1
1
14
1
1
1
2
1
1
39
2
2
1
3
8
2
5
1
25
1
1
3
1
1
2
2
6
10
1
1
34
11
2
1
1
3
2
1
10
21
1
15
1
1
1
1
31
1
1
1
2
1
4
3
1
1
2
2
1
5
1
2
1
3
2
1
2
3
11
1
3
1
1
8
3
4
5
1
44
6
1
1
1
1
1
42
1
12
2
6
2
1
2
36
5
4
1
11
2
1
1
1
2
3
13
3
3
2
1
1
1
5
1
2
3
24
11
1
1
4
95
6
25
1
19
1
2
3
3
1
4
1
40
2
1
26
1
1
3
1
1
3
3
12
1
2
2
24
1
1
1
1
6
2
1
1
1
1
1
3
1
2
11
31
72
1
9
4
13
3
5
2
2
1
3
2
1
4
1
1
10
1
1
2
2
2
2
4
2
2
1
5
1
1
2
2
1
1
1
13
1
5
3
1
4
6
7
5
3
3
19
13
1
1
1
1
2
1
1
1
1
1
1
2
7
1
5
5
2
4
3
2
1
3
1
4
2
1
1
53
2
2
6
112
2
1
1
4
1
1
1
3
3
10
2
4
2
1
1
4
3
1
6
4
1
16
1
13
2
2
4
1
6
1
4
1
52
1
13
1
1
64
4
8
3
1
12
1
1
1
2
2
2
3
1
18
1
49
1
1
2
4
2
1
3
2
1
2
1
3
19
1
1
25
37
5
2
5
29
36
1
11
49
1
2
1
17
1
2
2
28
1
2
8
8
9
2
44
2
6
8
8
4
1
1
5
5
21
1
1
17
1
1
1
6
1
1
1
1
6
16
26
1
2
1
12
1
1
14
1
1
2
32
2
6
4
2
2
1
1
1
5
6
25
4
1
3
1
5
1
4
11
19
5
1
1
9
1
1
94
4
2
2
1
4
2
1
4
3
1
52
3
2
7
1
2
1
2
2
4
9
2
1
3
19
1
6
3
50
2
3
2
10
1
1
3
1
1
1
2
1
1
1
12
2
1
10
1
2
1
1
7
1
1
3
1
1
4
1
12
2
1
43
78
156
1
35
15
85
6
4
2
9
21
1
17
2
17
23
3
4
1
29
1
4
1
9
1
1
15
5
11
1
4
11
1
1
3
2
1
4
2
19
1
1
3
5
7
1
9
8
16
1
3
14
3
4
1
3
3
11
1
5
4
1
5
1
1
1
5
1
1
19
1
1
1
1
21
2
1
1
3
1
47
1
3
1
1
2
1
2
3
1
1
1
2
2
1
17
3
3
1
2
2
6
2
1
8
2
2
3
1
1
1
1
5
1
6
2
1
1
1
1
1
2
1
2
1
4
5
1
2
8
1
1
2
21
1
1
3
1
74
6
1
1
6
2
3
1
4
3
3
1
1
1
1
10
1
1
7
4
1
4
9
4
6
3
1
58
10
2
3
1
1
1
1
5
6
1
1
5
5
2
6
98
11
4
91
36
1
1
1
73
1
21
30
3
1
32
4
11
1
5
12
3
1
1
17
4
35
1
8
4
1
7
3
3
9
2
17
10
3
174
1
13
33
58
49
3
5
59
1
1
2
9
3
25
9
13
11
40
1
2
1
6
2
128
1
5
2
4
2
1
1
5
2
5
20
1
1
1
3
1
8
1
1
8
1
1
5
1
1
1
11
1
1
1
13
1
1
1
3
1
1
7
1
3
1
54
1
1
2
1
6
1
1
1
1
8
1
239
8
4
14
2
3
2
3
17
19
1
2
47
1
17
3
17
6
1
5
24
1
10
17
12
14
2
2
2
1
23
20
3
11
1
2
6
76
37
47
25
2
132
5
82
2
6
2
2
2
34
33
2
9
13
94
29
3
5
15
1
4
10
1
51
5
1
186
2
90
39
36
12
4
34
41
18
2
6
26
2
7
95
1
14
30
31
1
1
21
4
1
2
2
29
46
145
1
1
1
6
11
4
1
128
4
2
9
2
28
1
3
2
2
3
1
3
1
4
2
9
1
3
1
1
1
1
1
11
1
2
1
3
7
1
4
1
5
1
1
2
1
5
1
1
2
1
2
1
3
1
1
3
2
5
1
1
1
2
1
12
5
19
1
15
5
1
12
2
4
1
13
3
3
1
2
1
2
17
15
1
15
5
5
54
1
1
1
7
29
3
4
4
3
4
1
1
2
1
1
1
2
1
2
1
1
14
7
18
4
19
2
10
2
1
1
1
11
4
3
1
7
8
1
1
1
1
4
6
1
3
10
5
1
1
2
1
3
1
1
73
58
1
2
1
16
3
3
1
1
6
1
1
1
16
1
1
17
1
6
2
1
2
25
1
6
1
2
1
2
4
55
9
2
79
50
1
39
97
2
6
2
8
25
4
14
4
1
1
1
35
37
1
1
1
4
2
25
10
6
2
2
1
3
1
1
1
8
1
19
1
5
1
1
6
1
9
1
1
1
1
1
4
1
1
14
2
1
2
10
3
4
2
1
1
41
1
1
2
1
2
1
2
10
1
5
4
1
1
1
1
1
1
1
25
9
3
9
8
1
1
1
1
